// Bol Processor BP3
// Object prototypes generated by BPscript
84
1
64

8
<HTML>bolC4</HTML>
1
1
0
1000
0
10000010110000111100
0
0.0000
0.0000
-1
0
-1
0
1
1000
1
0
1
0
0
100
0
100
1
0
1
0
-1
0.0000
-1
0
1
1
1
1
1
1
0
0
0
0
-2
0
0
0
-1
-1
0
1000000
65535
65535
65535
_beginCsoundScore_
<HTML></HTML>
_endCsoundScore_
6
144
60
100
256128
256060
256000
<HTML></HTML>
<HTML>bolD4</HTML>
1
1
0
1000
0
10000010110000111100
0
0.0000
0.0000
-1
0
-1
0
1
1000
1
0
1
0
0
100
0
100
1
0
1
0
-1
0.0000
-1
0
1
1
1
1
1
1
0
0
0
0
-2
0
0
0
-1
-1
0
1000000
65535
65535
65535
_beginCsoundScore_
<HTML></HTML>
_endCsoundScore_
6
144
60
100
256128
256060
256000
<HTML></HTML>
<HTML>bolE4</HTML>
1
1
0
1000
0
10000010110000111100
0
0.0000
0.0000
-1
0
-1
0
1
1000
1
0
1
0
0
100
0
100
1
0
1
0
-1
0.0000
-1
0
1
1
1
1
1
1
0
0
0
0
-2
0
0
0
-1
-1
0
1000000
65535
65535
65535
_beginCsoundScore_
<HTML></HTML>
_endCsoundScore_
6
144
60
100
256128
256060
256000
<HTML></HTML>
<HTML>bolF4</HTML>
1
1
0
1000
0
10000010110000111100
0
0.0000
0.0000
-1
0
-1
0
1
1000
1
0
1
0
0
100
0
100
1
0
1
0
-1
0.0000
-1
0
1
1
1
1
1
1
0
0
0
0
-2
0
0
0
-1
-1
0
1000000
65535
65535
65535
_beginCsoundScore_
<HTML></HTML>
_endCsoundScore_
6
144
60
100
256128
256060
256000
<HTML></HTML>
<HTML>bolG4</HTML>
1
1
0
1000
0
10000010110000111100
0
0.0000
0.0000
-1
0
-1
0
1
1000
1
0
1
0
0
100
0
100
1
0
1
0
-1
0.0000
-1
0
1
1
1
1
1
1
0
0
0
0
-2
0
0
0
-1
-1
0
1000000
65535
65535
65535
_beginCsoundScore_
<HTML></HTML>
_endCsoundScore_
6
144
60
100
256128
256060
256000
<HTML></HTML>
<HTML>bolA4</HTML>
1
1
0
1000
0
10000010110000111100
0
0.0000
0.0000
-1
0
-1
0
1
1000
1
0
1
0
0
100
0
100
1
0
1
0
-1
0.0000
-1
0
1
1
1
1
1
1
0
0
0
0
-2
0
0
0
-1
-1
0
1000000
65535
65535
65535
_beginCsoundScore_
<HTML></HTML>
_endCsoundScore_
6
144
60
100
256128
256060
256000
<HTML></HTML>
<HTML>bolB4</HTML>
1
1
0
1000
0
10000010110000111100
0
0.0000
0.0000
-1
0
-1
0
1
1000
1
0
1
0
0
100
0
100
1
0
1
0
-1
0.0000
-1
0
1
1
1
1
1
1
0
0
0
0
-2
0
0
0
-1
-1
0
1000000
65535
65535
65535
_beginCsoundScore_
<HTML></HTML>
_endCsoundScore_
6
144
60
100
256128
256060
256000
<HTML></HTML>
<HTML>bolC5</HTML>
1
1
0
1000
0
10000010110000111100
0
0.0000
0.0000
-1
0
-1
0
1
1000
1
0
1
0
0
100
0
100
1
0
1
0
-1
0.0000
-1
0
1
1
1
1
1
1
0
0
0
0
-2
0
0
0
-1
-1
0
1000000
65535
65535
65535
_beginCsoundScore_
<HTML></HTML>
_endCsoundScore_
6
144
60
100
256128
256060
256000
DATA:
<HTML></HTML>
_endSoundObjectFile_